0.0129653
-0
0.00257644
0.0519443
0.14025
0.228555
0.246715
0.345409
0.0986942
-0.0960762
-0.436332
-0.670082
-0.851887
-0.984324
-1.05705
-1.18433
-1.18171
-1.22327
-1.2103
-1.09603
-0.97913
-0.810331
-0.631103
-0.444103
-0.249333
-0.0675276
-0.0960762
-0.19477
-0.264916
0.714214
-0.033743
-0.779165
-0.893442
-0.794748
-0.594742
-0.283076
-0.0883053
-0.293465
-0.480464
0.0597152
0.781741
1.16093
1.35575
1.43366
1.49857
1.37652
1.24405
1.04146
0.83888
0.636297
0.436332
0.114278
0.0259722
0.14025
0.33502
0.412937
0.547992
0.664887
0.719408
0.332444
-0.207777
-0.968741
-1.23366
-1.42327
-1.51935
-1.63105
-1.55571
-1.51416
-1.35313
-1.22589
-1.01549
-0.802519
-0.586971
-0.402548
-0.150639
-0.0986942
-0.244138
-0.350603
-0.516825
-0.340215
0.033743
0.96097
-0.0155833
-0.641492
-0.532409
-0.11166
-0.244138
-0.0493263
0.755769
1.14797
1.43105
1.59469
1.66741
1.683
1.64921
1.59207
1.46741
1.39988
1.25963
1.122
1.01549
0.828491
0.654498
0.524638
0.31686
0.103889
0.11166
0.192194
0.296083
0.0675276
-0.0649096
-0.459686
-0.69863
-0.812908
-1.08302
-1.20768
-1.30638
-1.43366
-1.46221
-1.56872
-1.52455
-1.52716
-1.46483
-1.3843
-1.25705
-1.20511
-1.05705
-0.919415
-0.779165
-0.631103
-0.454492
-0.298659
-0.0701041
0.937574
0.563575
-0.620714
-0.83888
-0.623332
-0.33502
-0.106465
0.212972
0.786936
1.20249
1.44143
1.66479
1.74013
1.73494
1.5713
1.45182
1.22327
0.986942
0.722026
0.464881
0.275305
0.103889
0.231131
0.542797
0.802519
0.755769
0.28827
-0.0519443
-0.628526
-0.929803
-0.898637
-0.940192
-0.88563
-0.911602
-1.05447
-1.23627
-1.31157
-1.51158
-1.496
-1.46741
-1.36352
-1.21807
-1.03627
-0.841498
-0.657075
-0.462304
-0.31686
-0.109083
0.00257644
0.14025
0.412937
0.519443
1.27002
0.638915
-0.537603
-0.740186
-0.527214
-0.129861
-0.0519443
0.0675276
0.55061
0.91422
1.18953
1.37652
1.56872
1.62066
1.6596
1.55571
1.45444
1.28041
1.09341
0.898637
0.675276
0.405166
0.135055
0.0545208
0.280499
0.532409
0.747998
0.74538
0.311666
-0.176611
-0.945387
-1.18953
-1.05966
-1.1038
-1.15574
-1.15316
-1.31419
-1.48818
-1.55052
-1.4908
-1.45702
-1.30638
-1.22327
-1.04666
-0.88563
-0.724603
-0.488277
-0.355798
-0.158409
-0.0207777
0.0571388
0.306471
1.16613
0.519443
-0.493471
-0.69863
-0.418131
-0.101271
0.0441319
0.425943
0.779165
1.05185
1.30118
1.45444
1.59207
1.62066
1.67261
1.57649
1.51677
1.38949
1.22589
1.00772
0.750575
0.576582
0.309048
0.168798
0.135055
0.244138
0.514249
0.69086
0.47527
-0.137632
-0.963546
-1.32716
-1.4908
-1.5713
-1.51677
-1.49338
-1.36094
-1.50119
-1.52455
-1.48299
-1.3791
-1.27783
-1.07005
-0.267492
-0.47527
-0.498665
-0.418131
-0.348027
-0.0986942
0.0103889
0.132437
0.405166
1.29599
0.472693
-0.514249
-0.685665
-0.394777
-0.14025
0.0389375
0.509054
0.846692
1.18953
1.39988
1.52197
1.6596
1.65441
1.63882
1.58168
1.43366
1.31939
1.11161
0.937574
0.732415
0.542797
0.275305
0.119472
0.148021
0.353221
0.607749
0.737609
0.389582
-0.163604
-1.02588
-1.24924
-1.47002
-1.61027
-1.60508
-1.61285
-1.54794
-1.5843
-1.53755
-1.48299
-1.4025
-1.27783
-1.06486
-0.937574
-0.794748
-0.641492
-0.50386
-0.272687
-0.0779165
0.00777087
0.173993
0.472693
1.23627
0.584353
-0.532409
-0.612943
-0.285694
-0.0960762
0.0467499
0.555804
0.870047
1.09341
1.34793
1.47522
1.65441
1.63882
1.68038
1.56352
1.46483
1.35313
1.18433
0.955776
0.797325
0.527214
0.386964
0.0883053
0.150639
0.38177
0.459686
0.680471
0.45711
-0.0207777
-0.849269
-1.24924
-1.43366
-1.57911
-1.5895
-1.53236
-1.61285
-1.62066
-1.55571
-1.50639
-1.39211
-1.25705
-1.10122
-0.966164
-0.807713
-0.646686
-0.45711
-0.309048
-0.0960762
0.00777087
0.184382
0.45711
1.32977
0.610325
-0.488277
-0.602554
-0.31686
-0.132437
0.0623332
0.545415
0.857081
1.12457
1.34016
1.47002
1.66479
1.64663
1.69077
1.5661
1.48818
1.35055
1.15055
0.903831
0.747998
0.55061
0.322055
0.0831109
0.150639
0.36361
0.524638
0.750575
0.436332
-0.0831109
-0.893442
-1.32716
-1.45964
-1.58688
-1.50639
-1.52974
-1.59727
-1.59469
-1.55314
-1.49857
-1.36094
-1.28041
-1.0986
-0.942769
-0.802519
-0.589547
-0.423325
-0.293465
-0.103889
0.0129653
0.231131
0.496047
1.31157
0.540221
-0.425943
-0.59736
-0.345409
-0.132437
0.0415555
0.514249
0.870047
1.14797
1.34793
1.46741
1.64144
1.64144
1.67518
1.56352
1.48818
1.34793
1.17652
0.919415
0.766158
0.535027
0.342833
0.0960762
0.124666
0.348027
0.477888
0.696054
0.38177
-0.0804929
-0.896019
-1.32977
-1.42327
-1.58168
-1.56352
-1.45964
-1.56872
-1.59727
-1.54013
-1.496
-1.37652
-1.24924
-1.10122
-0.955776
-0.799943
-0.633721
-0.496047
-0.251909
-0.0779165
0.0103889
0.19477
0.454492
1.25705
0.576582
-0.498665
-0.599936
-0.296083
-0.103889
0.0467499
0.553186
0.854463
1.12457
1.32716
1.4726
1.64663
1.63625
1.66999
1.56091
1.46221
1.34274
1.17652
0.927185
0.758387
0.545415
0.373999
0.0986942
0.106465
0.322055
0.485659
0.714214
0.50386
-0.0883053
-0.872665
-1.31157
-1.48818
-1.59989
-1.50377
-1.56091
-1.57391
-1.5843
-1.54532
-1.50377
-1.35575
-1.28822
-1.10641
-0.921991
-0.794748
-0.605131
-0.418131
-0.285694
-0.0856874
0.0129653
0.189576
0.493471
1.25705
0.519443
-0.560999
-0.620714
-0.283076
-0.0986942
0.0467499
0.498665
0.841498
1.08821
1.36614
1.47522
1.63363
1.62586
1.65441
1.5713
1.46741
1.309
1.13758
0.966164
0.740186
0.573964
0.337638
0.0649096
0.122048
0.36361
0.529832
0.768776
0.571388
-0.0649096
-0.877859
-1.28822
-1.4908
-1.61027
-1.55314
-1.63625
-1.61547
-1.61027
-1.55314
-1.47522
-1.31939
-1.2103
-1.10122
-0.906408
-0.79213
-0.547992
-0.340215
-0.272687
-0.101271
0.0233542
0.223361
0.509054
1.26744
0.509054
-0.55061
