0.606836
0.606836
0.606836
0.60755
0.610039
0.615971
0.622305
0.631317
0.636872
0.63606
0.626518
0.609839
0.59005
0.566165
0.53944
0.511814
0.481763
0.450625
0.421878
0.394317
0.368524
0.347842
0.331253
0.319038
0.312725
0.31061
0.308648
0.304343
0.297922
0.306796
0.314026
0.297038
0.273768
0.253347
0.238948
0.229932
0.226987
0.220812
0.210545
0.208639
0.224929
0.251219
0.282948
0.319931
0.35529
0.390323
0.423903
0.451024
0.472191
0.489909
0.501181
0.505923
0.507748
0.510726
0.518285
0.526908
0.540297
0.555373
0.573074
0.584057
0.581553
0.561102
0.531117
0.497933
0.460806
0.419625
0.380691
0.344301
0.308142
0.278433
0.2521
0.230325
0.21465
0.204058
0.19907
0.197413
0.19244
0.182679
0.168882
0.159495
0.159456
0.175946
0.188898
0.174946
0.160043
0.153773
0.148533
0.145411
0.159243
0.184509
0.219084
0.259369
0.299402
0.341485
0.384313
0.422567
0.459754
0.496099
0.528223
0.555844
0.583009
0.605174
0.622164
0.636168
0.643925
0.647538
0.65087
0.656146
0.66381
0.668127
0.667513
0.658566
0.64089
0.619552
0.594421
0.563232
0.530707
0.496722
0.460518
0.420724
0.382722
0.344672
0.309658
0.274658
0.240937
0.211896
0.184821
0.160646
0.141252
0.125076
0.112592
0.104697
0.101923
0.11675
0.135551
0.123812
0.102555
0.0864782
0.0771964
0.0735143
0.07601
0.0932163
0.12034
0.153569
0.194621
0.237147
0.278064
0.317951
0.356001
0.385647
0.412255
0.432274
0.445145
0.453654
0.455613
0.459793
0.471481
0.489436
0.508248
0.51857
0.518084
0.505953
0.483624
0.460821
0.438254
0.414753
0.393439
0.369153
0.338387
0.306365
0.271359
0.233654
0.195565
0.163186
0.131437
0.105138
0.0841593
0.0666863
0.0536534
0.0466396
0.0436795
0.04332
0.045567
0.0551874
0.0681453
0.0948762
0.118212
0.107846
0.0902053
0.0761118
0.0696224
0.0675162
0.067657
0.0788443
0.098046
0.125124
0.15942
0.195409
0.237105
0.277785
0.315401
0.353664
0.384772
0.412824
0.437077
0.453888
0.465273
0.4714
0.473416
0.478393
0.490676
0.506936
0.525305
0.535446
0.533133
0.512913
0.484049
0.458717
0.431348
0.403341
0.373704
0.343606
0.307653
0.267737
0.231709
0.195511
0.161224
0.132051
0.104377
0.0818193
0.063801
0.049432
0.0390147
0.0346794
0.0339513
0.0344996
0.0407074
0.0623809
0.0848454
0.0753598
0.0575842
0.0464958
0.0419089
0.0420766
0.0497765
0.0682322
0.0933242
0.122212
0.156739
0.196194
0.234603
0.275383
0.31671
0.353424
0.388031
0.420026
0.44507
0.465767
0.482275
0.49221
0.498077
0.501342
0.506738
0.517982
0.534191
0.548207
0.550442
0.53302
0.502984
0.466459
0.425964
0.389856
0.350904
0.315949
0.280928
0.242878
0.204334
0.171863
0.140419
0.111624
0.0814538
0.0730708
0.0631359
0.0535216
0.0471999
0.0444285
0.0432241
0.04563
0.0546061
0.0815827
0.101962
0.0921707
0.0742783
0.0634235
0.0589954
0.0586179
0.0677768
0.0873381
0.116064
0.147933
0.184656
0.226622
0.267518
0.307309
0.348534
0.385371
0.417528
0.446571
0.47163
0.490332
0.504275
0.511667
0.515376
0.5191
0.526905
0.540234
0.557476
0.569095
0.566941
0.54563
0.513776
0.478396
0.439549
0.401121
0.359167
0.32003
0.282678
0.24423
0.205482
0.172144
0.140545
0.112059
0.0894233
0.0684899
0.0512026
0.0391884
0.032714
0.0302662
0.0299007
0.0324743
0.0426039
0.0652212
0.088168
0.0781522
0.062303
0.0512925
0.0468943
0.0465587
0.0561881
0.0763755
0.101596
0.134265
0.171845
0.210218
0.250947
0.293811
0.33326
0.369312
0.404279
0.433958
0.45976
0.477892
0.493241
0.503236
0.505806
0.508584
0.516442
0.52727
0.544228
0.559319
0.561251
0.544851
0.513764
0.480034
0.441469
0.399737
0.363185
0.323676
0.281878
0.24429
0.205275
0.170775
0.141009
0.112766
0.087368
0.0671806
0.0505345
0.0380859
0.0316204
0.0289449
0.0285704
0.0314796
0.0410819
0.0677049
0.0892645
0.0800517
0.0628813
0.0521614
0.0476763
0.0475025
0.0575123
0.0754108
0.101824
0.135769
0.17047
0.210485
0.253128
0.292874
0.332455
0.371418
0.403449
0.432751
0.457837
0.475897
0.490191
0.498613
0.501807
0.505633
0.513647
0.526311
0.543784
0.55756
0.557647
0.540264
0.50877
0.475082
0.43655
0.39687
0.360839
0.32157
0.280128
0.242818
0.205254
0.169367
0.13935
0.111202
0.0857262
0.0659283
0.0496537
0.0376155
0.031147
0.0284596
0.0284685
0.0323125
0.0424721
0.0689663
0.0909933
0.0823167
0.0656436
0.0540878
0.0506334
0.0507472
0.0612844
0.0790989
0.104772
0.138262
0.17251
0.212283
0.254551
0.294132
0.333551
0.372446
0.404507
0.433967
0.459044
0.477332
0.491686
0.50095
0.503598
0.506684
0.514977
0.526998
0.544291
0.557752
0.557896
0.540995
0.509587
0.476523
0.438668
0.397832
0.362679
0.322984
0.285075
0.246189
0.207414
0.174143
0.142331
0.112933
0.0895761
0.0684359
0.0513554
0.039515
0.0333821
0.0312579
0.0310571
0.0339004
0.0442368
0.068388
0.0898128
0.0803992
0.063055
0.0524909
0.0485271
0.0480658
0.0578898
0.0765043
0.10364
0.134751
0.170554
0.211992
0.250944
0.292256
0.333281
0.369285
0.402829
0.433631
0.457213
0.477011
0.491461
0.500246
0.503281
0.50619
0.513267
0.526003
0.543886
0.557818
0.557731
0.539446
0.510103
0.474294
0.433673
0.3974
0.359048
0.318142
0.280389
0.241638
0.202623
0.169999
0.138544
0.109515
0.0857052
0.0660451
0.0498155
0.0378282
0.0317852
0.0293584
0.0292955
0.0323484
0.0432631
0.0662309
0.0882669
0.0776938
0.0610027
0.0507322
0.0460404
0.0456359
0.0550376
0.0751471
0.101423
0.1323
0.168124
0.209442
0.248283
0.289605
0.330678
0.366903
0.40054
0.431492
0.455356
0.474761
0.490137
0.498232
0.501954
0.505222
0.512227
0.524909
0.542721
0.557132
0.557776
0.540012
0.510999
0.475247
0.434554
0.397265
0.357708
0.31695
0.275326
0.237902
0.198959
0.165254
0.13553
0.106714
0.0831736
0.0640228
0.0484433
0.0369743
0.0307845
0.0278993
0.0282378
0.0319649
0.0431492
0.0667671
0.0886294
0.0780623
