0.890521
0.884243
0.871463
0.845436
0.795719
0.705647
0.589696
0.427249
0.259539
0.0992958
-0.0427268
-0.169863
-0.326077
-0.529825
-0.77694
-1.03262
-1.25979
-1.44611
-1.62392
-1.76752
-1.86387
-1.92774
-1.95199
-1.94617
-1.93427
-1.91841
-1.88181
-1.81443
0.574145
-0.0986764
-0.678421
-1.00107
-1.19204
-1.30993
-1.36613
-1.35759
-1.28135
-1.06994
-0.72185
-0.326047
0.046266
0.4229
0.778624
1.05672
1.27986
1.43541
1.52888
1.59718
1.63698
1.63318
1.61526
1.59728
1.56787
1.51066
1.40951
1.29045
1.1219
0.91389
0.645876
0.373294
0.136953
-0.0425231
-0.224856
-0.43421
-0.648267
-0.842434
-1.01837
-1.14286
-1.1951
-1.22513
-1.22552
-1.20961
-1.19131
-1.16615
-1.14015
-1.09956
-0.999616
-0.831441
-0.602326
-0.373889
1.52072
0.481499
-0.333363
-0.715462
-0.841572
-0.798467
-0.583279
-0.255797
0.0315646
0.270834
0.445947
0.57262
0.690731
0.770579
0.804813
0.822264
0.80442
0.761508
0.724982
0.705092
0.676496
0.666198
0.664962
0.646475
0.62861
0.598788
0.538257
0.441423
0.31112
0.187408
0.0772216
0.00147338
-0.0390596
-0.0877394
-0.146096
-0.189589
-0.255768
-0.349516
-0.449084
-0.515443
-0.572202
-0.596148
-0.61834
-0.616652
-0.599125
-0.590406
-0.572057
-0.549228
-0.534039
-0.51416
-0.492211
-0.473373
1.92678
1.14136
0.413744
0.00873752
-0.204608
-0.306314
-0.281583
-0.115732
0.171074
0.477064
0.793164
1.11803
1.41147
1.67055
1.86972
1.98178
2.01893
2.0433
2.0293
2.01106
1.99596
1.96325
1.92382
1.81121
1.57975
1.25438
0.899032
0.598626
0.374721
0.23253
0.164139
0.111758
0.0737495
0.0411775
-0.0187875
-0.067031
-0.0937932
-0.14419
-0.187641
-0.199592
-0.18723
-0.186226
-0.16551
-0.153842
-0.14578
-0.125835
-0.0985513
-0.0741579
-0.0405952
0.00776024
0.0644095
0.0899023
2.1723
1.19987
0.402094
0.00628005
-0.180136
-0.244837
-0.233096
-0.143294
0.0314431
0.221322
0.439785
0.684481
0.949985
1.2374
1.46628
1.64331
1.77249
1.83188
1.87913
1.89246
1.88205
1.87625
1.86241
1.83884
1.79359
1.67391
1.45274
1.1627
0.825839
0.520533
0.284038
0.171195
0.12979
0.0680161
0.0210343
-0.0157935
-0.0528464
-0.113405
-0.147298
-0.144015
-0.151226
-0.133796
-0.113198
-0.106908
-0.08471
-0.0693746
-0.0552266
-0.0344
-0.00813852
0.00947019
0.0367883
0.0913523
2.35016
1.38738
0.565409
0.148854
-0.023435
-0.0674629
-0.0114854
0.120647
0.284242
0.434165
0.586491
0.763229
0.953766
1.14085
1.32914
1.4641
1.55173
1.63011
1.67723
1.69623
1.71626
1.71794
1.70089
1.68348
1.64973
1.58836
1.46542
1.25426
0.958659
0.625535
0.326
0.136799
0.035037
-0.0165288
-0.0306041
-0.0538638
-0.0527277
-0.091793
-0.131346
-0.129541
-0.10164
-0.0910359
-0.0726108
-0.0536754
-0.00108645
-0.0728231
-0.101424
-0.0965583
-0.0777924
-0.0473302
0.00712918
0.0689825
2.25682
1.24935
0.43775
0.0190582
-0.153315
-0.189857
-0.113739
0.0548503
0.248811
0.433019
0.596726
0.780804
0.972579
1.14437
1.30427
1.42636
1.49044
1.54305
1.58419
1.60299
1.60337
1.59922
1.57889
1.55669
1.51472
1.42895
1.27508
1.04585
0.750498
0.451016
0.204239
0.0634171
-0.0109349
-0.0649234
-0.0936632
-0.11018
-0.101121
-0.124075
-0.157445
-0.158551
-0.130179
-0.110214
-0.0840973
-0.0596775
-0.053379
-0.0334893
-0.0101418
0.00913627
0.024822
0.0482371
0.0922501
0.148949
2.34074
1.37096
0.546912
0.131624
-0.0585267
-0.102716
-0.0382089
0.117822
0.297199
0.468659
0.652952
0.830957
1.01804
1.21717
1.38064
1.48262
1.55947
1.61753
1.63973
1.65671
1.65691
1.66416
1.64329
1.61301
1.58928
1.51947
1.37249
1.16581
0.875845
0.554373
0.28059
0.105572
0.0245396
-0.0436063
-0.077911
-0.0754285
-0.109113
-0.134689
-0.141785
-0.153108
-0.126268
-0.100473
-0.0886814
-0.0669562
-0.0416931
-0.0268492
-0.00742671
0.0156702
0.0321825
0.0581763
0.103376
0.159036
2.35123
1.351
0.536035
0.115987
-0.0636734
-0.108951
-0.0434361
0.111849
0.289347
0.478295
0.656787
0.829663
1.04148
1.23407
1.38935
1.51826
1.59802
1.63736
1.67924
1.69546
1.69522
1.69611
1.67495
1.64769
1.61124
1.52605
1.37106
1.14608
0.848653
0.53407
0.273096
0.108008
0.0349239
-0.0273926
-0.0561609
-0.0640312
-0.0994351
-0.126167
-0.136168
-0.150782
-0.136018
-0.10245
-0.0900998
-0.0696045
-0.043403
-0.0295021
-0.00975713
0.0140761
0.0345301
0.0646234
0.111189
0.164389
2.34137
1.33744
0.51767
0.095348
-0.0850095
-0.122565
-0.0647247
0.085519
0.25436
0.438067
0.616361
0.788329
1.00068
1.19395
1.35285
1.4859
1.57094
1.61505
1.6604
1.67838
1.68046
1.68173
1.66208
1.63091
1.6002
1.52177
1.36569
1.14516
0.848123
0.534367
0.271249
0.101592
0.028486
-0.0362173
-0.0671245
-0.064446
-0.104026
-0.126179
-0.159528
-0.162217
-0.138747
-0.123724
-0.0992787
-0.0706765
-0.0603645
-0.038868
-0.0157726
0.00413727
0.0195195
0.042824
0.088063
0.145849
2.32857
1.3414
0.525256
0.107621
-0.0678595
-0.111611
-0.0492753
0.105502
0.279987
0.45891
0.626743
0.814142
1.01337
1.19172
1.37044
1.48897
1.56188
1.62669
1.66299
1.67332
1.68774
1.68022
1.66157
1.6354
1.60384
1.52848
1.38265
1.15858
0.858424
0.541611
0.278935
0.115705
0.0231808
-0.027804
-0.0442456
-0.0771363
-0.0967181
-0.111647
-0.145997
-0.148546
-0.121796
-0.109402
-0.0851292
-0.0564648
-0.0403799
-0.0269982
-0.00807964
0.0142951
0.0303707
0.0571405
0.102785
0.160388
2.3355
1.35584
0.535574
0.126828
-0.0526104
-0.0989462
-0.0336389
0.11688
0.289195
0.453092
0.6247
0.813067
1.01149
1.18981
1.36866
1.48748
1.56182
1.62787
1.66679
1.67927
1.6945
1.692
1.66872
1.64901
1.61431
1.53852
1.39562
1.17435
0.876763
0.557974
0.290267
0.121117
0.0212253
-0.037055
-0.0602069
-0.0921705
-0.107754
-0.126485
-0.134886
-0.14664
-0.119523
-0.0982327
-0.0840218
-0.0539846
-0.0363748
-0.0229665
-0.00515571
0.0167401
0.0368213
0.0698338
0.115936
0.172349
2.33605
1.34697
0.525944
0.118252
